800.	-1.4401780718752573e-11	1.7049335549119867e-10	5.551676720053464e-12	2.375460195716343e-10	1.1201208050197822e-10	3.919626148822702e-11	3.1919047753961076e-11
812.3109740919158	3.0358710511814505e-11	1.7522170771832664e-10	6.011773635831185e-11	2.3733064524929944e-10	1.6786726159357617e-10	9.168671599242317e-11	8.283687295428195e-11
824.8113982876965	7.361558201208808e-11	1.800529992776058e-10	1.133732635830456e-10	2.3712072022462954e-10	2.2253567755860432e-10	1.4287244669858135e-10	1.3227417302657038e-10
837.5041879814925	1.1540136816260848e-10	1.8498767079047392e-10	1.6536401002039482e-10	2.3691613169471975e-10	2.7607033662868813e-10	1.9279921346658146e-10	1.8026805005016588e-10
850.3923034316315	1.557479016428523e-10	1.900260945516573e-10	2.161353204536956e-10	2.367167690156133e-10	3.285245172884704e-10	2.41512501131078e-10	2.2685494662944944e-10
863.4787504510209	1.9468636776035065e-10	1.9516856834457636e-10	2.6573250355065307e-10	2.365225224489027e-10	3.799518596299035e-10	2.8905756347660684e-10	2.72071793338399e-10
876.7665811081738	2.3224726703430205e-10	2.0041530827292193e-10	3.1420056474625836e-10	2.363332843367139e-10	4.3040645274248224e-10	3.3547946264448157e-10	3.159509994043728e-10
890.2588944390244	2.6846047627301185e-10	2.0576645318059963e-10	3.6158460357799437e-10	2.3614894807662354e-10	4.799429849146e-10	3.8082313748165825e-10	3.585282377016654e-10
903.9588371696949	3.0335518747955565e-10	2.1122202391796454e-10	4.079294556309243e-10	2.3596940840479674e-10	5.28616718107988e-10	4.251333643452278e-10	3.9983715737834855e-10
917.8696044503882	3.3695999841891947e-10	2.167819761722009e-10	4.5328018834547027e-10	2.3579456216895113e-10	5.764838492889893e-10	4.684549812495918e-10	4.3991074146427664e-10
931.9944406005703	3.6930286152512804e-10	2.2244614113593587e-10	4.976818119728989e-10	2.356243072601835e-10	6.236014390426571e-10	5.108327789264361e-10	4.7878129796863e-10
946.3366398656244	4.0041110976696145e-10	2.2821424210470539e-10	5.411794916381238e-10	2.3545854323908743e-10	6.700276665853774e-10	5.523116476346467e-10	5.16480481859139e-10
960.899547185145	4.303114858096327e-10	2.3408588625109743e-10	5.838186501976314e-10	2.3529717100171584e-10	7.158219821391769e-10	5.929366279347527e-10	5.530392865048824e-10
975.6865589730575	4.59030122709533e-10	2.400605554146237e-10	6.256449444218716e-10	2.351400931253516e-10	7.610452970634015e-10	6.327529863229981e-10	5.884880623004416e-10
990.7011239097424	4.865925846660285e-10	2.461376018247937e-10	6.667044728709215e-10	2.3498721344721204e-10	8.057601964066818e-10	6.718062944158682e-10	6.22856509127269e-10
1005.9467437463484	5.130238485287159e-10	2.52316238616743e-10	7.070437131831209e-10	2.348384375835348e-10	8.500311736473921e-10	7.101425183855139e-10	6.561737001245895e-10
1021.4269741214839	5.383483456321496e-10	2.585955363391893e-10	7.467098025386425e-10	2.346936723222975e-10	8.939248958829943e-10	7.478081151935964e-10	6.884680832433801e-10
1037.1454253904758	5.625899439357733e-10	2.6497441279593826e-10	7.857504745918924e-10	2.345528261972831e-10	9.37510497291046e-10	7.848501384434848e-10	7.197674809495562e-10
1053.10576346739	5.857719839562488e-10	2.714516305476504e-10	8.242142867333489e-10	2.3441580913087063e-10	9.80859910368274e-10	8.213163527268111e-10	7.500990970287529e-10
1069.311710680008	6.079172789646717e-10	2.7802578619132905e-10	8.621507719442075e-10	2.3428253237400333e-10	1.0240482413630725e-9	8.572553667090998e-10	7.794895504280879e-10
1085.7670466379627	6.290481274533136e-10	2.846953063014547e-10	8.996104445298703e-10	2.3415290895754667e-10	1.0671541845905674e-9	8.927167675754425e-10	8.079648337186423e-10
1102.4756091142326	6.491863338918432e-10	2.914584407591931e-10	9.366451830783e-10	2.3402685299367716e-10	1.1102605077667828e-9	9.277512889015239e-10	8.355503836024332e-10
1119.4412949402008	6.683532141235568e-10	2.983132574990057e-10	9.733081699225663e-10	2.339042804474609e-10	1.1534545796970032e-9	9.624109806995878e-10	8.622710325710516e-10
1136.6680609144878	6.865337175580782e-10	3.052421645477454e-10	1.0096514795909597e-9	2.3378511753868454e-10	1.1968308304944936e-9	9.967510188053834e-10	8.881510379576415e-10
1154.159924725771	7.038191193496342e-10	3.122733908642892e-10	1.045737961760965e-9	2.336692642710848e-10	1.2404842085652875e-9	1.0308237700318146e-9	9.132141055985126e-10
1171.9209658898042	7.201943934678209e-10	3.1938932887628577e-10	1.0816235578047584e-9	2.3355665026989837e-10	1.2845217522984017e-9	1.0646882037848234e-9	9.3748338202337e-10
1189.955326700857	7.35679057645697e-10	3.2658726269627534e-10	1.1173689634310417e-9	2.334471972149955e-10	1.3290563090410763e-9	1.0984033216890416e-9	9.609814611278686e-10
1208.2672131977965	7.50292203659758e-10	3.3386425532117413e-10	1.1530376535375525e-9	2.333408280085148e-10	1.3742095143987917e-9	1.1320307314657072e-9	9.837303972700428e-10
1226.8608961450334	7.640525131208629e-10	3.4121715231134747e-10	1.1886961524773973e-9	2.332374669866282e-10	1.4201129470108766e-9	1.1656349104716846e-9	1.005751716176657e-9
1245.7407120285661	7.76978286000933e-10	3.4864258493951457e-10	1.2244143094435369e-9	2.3313704001356786e-10	1.4669095845691038e-9	1.1992835175333331e-9	1.0270664171590776e-9
1264.9110640673518	7.890874486403349e-10	3.5613695648582395e-10	1.2602658229950037e-9	2.33039474185545e-10	1.51475547692415e-9	1.2330478009146059e-9	1.0476949885575966e-9
1284.3764232402405	8.003975590965562e-10	3.6369644057668805e-10	1.2963286337855905e-9	2.32944698072373e-10	1.5638217164986635e-9	1.2670030609937002e-9	1.0676574059214719e-9
1304.1413293287133	8.109258448112298e-10	3.713169862007903e-10	1.332685524193886e-9	2.3285264156979426e-10	1.614296758724842e-9	1.3012291765269099e-9	1.0869731688330652e-9
1324.2103919756664	8.206891897770739e-10	3.7899430366946664e-10	1.3694247178078212e-9	2.3276323597845832e-10	1.6663891716733524e-9	1.3358112158503163e-9	1.1056612614569725e-9
1344.5882917604888	8.297041736399038e-10	3.867238727089392e-10	1.4066406445744943e-9	2.3267641387743089e-10	1.7203309062666116e-9	1.3708401258677055e-9	1.1237402103140679e-9
1365.2797812906852	8.379870672900025e-10	3.945009332601575e-10	1.4444347492707888e-9	2.3259210918654013e-10	1.7763823498919005e-9	1.4064135362479836e-9	1.1412280461856212e-9
1386.2896863102928	8.455538584168675e-10	4.0232049021633433e-10	1.4829164353458924e-9	2.3251025721194486e-10	1.8348313677617982e-9	1.4426366572748004e-9	1.1581413959226947e-9
1407.622906825363	8.524202674279619e-10	4.101773126620272e-10	1.522204133172494e-9	2.3243079448454007e-10	1.8960103632791262e-9	1.4796233838862722e-9	1.174499339731461e-9
1429.2844182467559	8.58601745411854e-10	4.18065926681286e-10	1.5624265967512778e-9	2.3235365887065723e-10	1.960291904133443e-9	1.517497379590806e-9	1.1903175572422383e-9
1451.2792725505246	8.6411349682617e-10	4.25980621410729e-10	1.6037244404344254e-9	2.322787894766481e-10	2.0281029664747836e-9	1.5563936364289605e-9	1.2056123360853498e-9
1473.6125994561546	8.689705285656055e-10	4.3388716648568165e-10	1.6462518293704625e-9	2.3220612664319762e-10	2.0999344047365056e-9	1.5964601341255137e-9	1.2203994786895617e-9
1496.2896076229367	8.731876149938039e-10	4.417520135072366e-10	1.6901785028577467e-9	2.3213561204388202e-10	2.1763541988584138e-9	1.637859773238513e-9	1.2346943511089652e-9
1519.3155858647478	8.767793334329262e-10	4.4961969375889566e-10	1.7356923060394327e-9	2.3206718844485356e-10	2.2580241720093613e-9	1.6807727342114525e-9	1.2485120245580288e-9
1542.6959043835288	8.797600700758862e-10	4.5748342893739503e-10	1.7830019450759718e-9	2.3200079991839584e-10	2.345721227901788e-9	1.7253992258140332e-9	1.2618670473822256e-9
1566.4360160217416	8.821440418049868e-10	4.6533620056846436e-10	1.832340470265886e-9	2.3193639173142344e-10	2.440364716196022e-9	1.7719628028949264e-9	1.2747735514908715e-9
1590.5414575341015	8.839453051927296e-10	4.731707440745402e-10	1.8839695329243348e-9	2.3187391016983002e-10	2.5430520924087886e-9	1.8207142481612692e-9	1.2872454409441928e-9
1615.017850878877	8.851777632221249e-10	4.809795525979536e-10	1.93818414623328e-9	2.3181330286402135e-10	2.6551058906397845e-9	1.871937017562567e-9	1.2992961041976408e-9
1639.8709045290661	8.858551868521969e-10	4.887548798493453e-10	1.995319231541296e-9	2.31754518405947e-10	2.7781367553517377e-9	1.9259520193701556e-9	1.310938564489917e-9
1665.1064148037462	8.859912312850725e-10	4.964887440739502e-10	2.0557570736774696e-9	2.3169750655710649e-10	2.9141291501507118e-9	1.9831262805358066e-9	1.3221856110046822e-9
1690.7302672199112	8.855994158689101e-10	5.0417291196033e-10	2.1199372735408083e-9	2.316422181929113e-10	3.0655602444653908e-9	2.043881910633367e-9	1.3330495152279547e-9
1716.7484378651143	8.846936258628222e-10	5.117992845456955e-10	2.188370333530138e-9	2.315886051452995e-10	3.235568340283561e-9	2.1087092464721864e-9	1.343542260420325e-9
1743.1669947912321	8.832863561950191e-10	5.193584401559084e-10	2.261661818064331e-9	2.3153662039758353e-10	3.428197083350764e-9	2.1781902289826335e-9	1.3536756676064805e-9
1769.9920994296792	8.81391282870321e-10	5.268417370325251e-10	2.340525407723893e-9	2.314862177856706e-10	3.6487598739079095e-9	2.253011460286642e-9	1.3634608197555554e-9
1797.2300080283976	8.790217639040066e-10	5.342400746096213e-10	2.425756291484356e-9	2.3143735192561594e-10	3.904401470718544e-9	2.3339400546542913e-9	1.3729089010691053e-9
1824.8870731109619	8.761905806373244e-10	5.41543583491337e-10	2.518308442571533e-9	2.3138997837542408e-10	4.2049987662411295e-9	2.4218985083014895e-9	1.3820306061484492e-9
1852.9697449581383	8.725549279333575e-10	5.483934211192991e-10	2.6193242259797625e-9	2.3134405359097294e-10	4.564671899170558e-9	2.5179932778903892e-9	1.3908362041611434e-9
1881.4845731122427	8.628912932232752e-10	5.495086645245809e-10	2.730173629057406e-9	2.3129952373966427e-10	5.004503110990261e-9	2.623575172986892e-9	1.3993357651337852e-9
1910.4382079046482	8.520304051176587e-10	5.494480604618814e-10	2.8524617455141892e-9	2.3125636898627328e-10	5.557672637112306e-9	2.7402622569428517e-9	1.4075391067873255e-9
1939.8374020067986	8.39864743526603e-10	5.480238039672511e-10	2.9882611438938037e-9	2.3121453672986602e-10	6.2806356835453665e-9	2.8700851782645e-9	1.4154558833561408e-9
1969.6890120050923	8.262163011835266e-10	5.449612659780201e-10	3.1399319053983342e-9	2.3117398567429107e-10	7.280524045678131e-9	3.0155700791168727e-9	1.4230951644066673e-9
2000.	8.107737930226207e-10	5.398244057976257e-10	3.309063970437639e-9	2.3113467502999442e-10	8.80134527435993e-9	3.1799090442670955e-9	1.4304659681517007e-9