800.	-1.3326785411859744e-9	5.8700431298573335e-12	-1.4672813831292686e-9	2.376128027896113e-10	-1.3798516825236792e-9	-1.368535486693694e-9	-1.385559715766817e-9
812.3109740919158	-1.2904565657738781e-9	5.8631208959307576e-12	-1.4215515665275333e-9	2.3739628567758993e-10	-1.335537381465666e-9	-1.3246418633318662e-9	-1.3410015671267387e-9
824.8113982876965	-1.24945545686045e-9	5.84984767988586e-12	-1.3771267913103093e-9	2.371852199876217e-10	-1.2925223128790438e-9	-1.2820368488640772e-9	-1.297746131295346e-9
837.5041879814925	-1.2096444583261713e-9	5.830582618367715e-12	-1.3339742879519665e-9	2.3697949420061314e-10	-1.2507731494633254e-9	-1.240687139689649e-9	-1.255760394636188e-9
850.3923034316315	-1.1709934332090547e-9	5.8056719019836855e-12	-1.2920620237442422e-9	2.3677899855253435e-10	-1.2102572495890466e-9	-1.2005601365400735e-9	-1.2150119563759306e-9
863.4787504510209	-1.1334728549213626e-9	5.775454185597956e-12	-1.2513585829812236e-9	2.365836244126709e-10	-1.170942654998128e-9	-1.1616239380883196e-9	-1.1754678840182552e-9
876.7665811081738	-1.0970537831217477e-9	5.740248391550711e-12	-1.2118331941090159e-9	2.363932648038178e-10	-1.1327980520820635e-9	-1.1238473029618246e-9	-1.1370997118334147e-9
890.2588944390244	-1.0617079019885716e-9	5.7003802624386914e-12	-1.1734557876585526e-9	2.3620781411428286e-10	-1.0957928115358654e-9	-1.0871996979333536e-9	-1.099875661144617e-9
903.9588371696949	-1.027407453239646e-9	5.656151047810746e-12	-1.1361968683326952e-9	2.36027168114453e-10	-1.0598969488760353e-9	-1.0516512290321415e-9	-1.0637659175472645e-9
917.8696044503882	-9.941252675522764e-10	5.607855855797549e-12	-1.1000276272442043e-9	2.358512242891653e-10	-1.0250811128055544e-9	-1.0171726608593296e-9	-1.0287412794795965e-9
931.9944406005703	-9.61834743849471e-10	5.555779618077423e-12	-1.0649198105716087e-9	2.3567988126377067e-10	-9.913165874398991e-10	-9.837354005144171e-10	-9.947731618931973e-10
946.3366398656244	-9.305098373318704e-10	5.500196013896444e-12	-1.0308457966102944e-9	2.355130392539677e-10	-9.585752800844625e-10	-9.513114886196292e-10	-9.618335721887724e-10
960.899547185145	-9.001250611273391e-10	5.441371888136876e-12	-9.977785428906252e-10	2.353505998380232e-10	-9.268297121081767e-10	-9.198735894637688e-10	-9.29895120073374e-10
975.6865589730575	-8.706554788477076e-10	5.379560507998022e-12	-9.656916197843505e-10	2.351924661855592e-10	-8.960530101355615e-10	-8.893949810232812e-10	-8.989309928321286e-10
990.7011239097424	-8.420766832682444e-10	5.3150081974892174e-12	-9.345591533529392e-10	2.350385427977431e-10	-8.662188971454781e-10	-8.598495460685172e-10	-8.689149681737618e-10
1005.9467437463484	-8.143648088539214e-10	5.247948075265512e-12	-9.043558610019734e-10	2.3488873574256764e-10	-8.373016837451283e-10	-8.312117629005953e-10	-8.398213861621257e-10
1021.4269741214839	-7.874965055272275e-10	5.178606254871729e-12	-8.750570032515307e-10	2.347429524360874e-10	-8.092762590596504e-10	-8.034566970315126e-10	-8.11625147944679e-10
1037.1454253904758	-7.614489383122197e-10	5.107199105086254e-12	-8.466383897474238e-10	2.346011017149529e-10	-7.821180821636792e-10	-7.76559992967546e-10	-7.843017176495452e-10
1053.10576346739	-7.361997812928121e-10	5.033934564032892e-12	-8.190763961477127e-10	2.344630939578277e-10	-7.558031732307841e-10	-7.504978675190397e-10	-7.578271066769649e-10
1069.311710680008	-7.117272163252395e-10	4.9590094285978875e-12	-7.923479449656213e-10	2.3432884100115893e-10	-7.303081044800398e-10	-7.252471042785157e-10	-7.321778549551458e-10
1085.7670466379627	-6.880099107522773e-10	4.882613296523741e-12	-7.664304860973782e-10	2.341982560317611e-10	-7.056099917966468e-10	-7.007850525923192e-10	-7.073310565264803e-10
1102.4756091142326	-6.650270136984023e-10	4.804927693919883e-12	-7.413020228682714e-10	2.3407125368729426e-10	-6.816864856469744e-10	-6.770896334840459e-10	-6.832643023825629e-10
1119.4412949402008	-6.427581610582688e-10	4.726130680520735e-12	-7.16941151476586e-10	2.33947750154542e-10	-6.585157748707311e-10	-6.54139372647633e-10	-6.599557182147596e-10
1136.6680609144878	-6.211834530159883e-10	4.646362760863564e-12	-6.933270665441773e-10	2.338276627789787e-10	-6.36076516119819e-10	-6.319134023931021e-10	-6.373839423287721e-10
1154.159924725771	-6.002834597421135e-10	4.56580437495642e-12	-6.704398550778121e-10	2.337109108488246e-10	-6.143479490816956e-10	-6.103917460994388e-10	-6.155280985882374e-10
1171.9209658898042	-5.800391954958592e-10	4.484596072711254e-12	-6.482609168660493e-10	2.335974147985194e-10	-5.933097635080349e-10	-5.895557272403006e-10	-5.943678132950585e-10
1189.955326700857	-5.604321321736121e-10	4.402877912131214e-12	-6.267753510783733e-10	2.334870971286407e-10	-5.729421532347063e-10	-5.693902068267156e-10	-5.738831869455678e-10
1208.2672131977965	-5.414441821572064e-10	4.3207827053077406e-12	-6.059886416226434e-10	2.3337988481659687e-10	-5.532257947725769e-10	-5.498996456869587e-10	-5.540548114258889e-10
1226.8608961450334	-5.23057682790287e-10	4.2384350038802374e-12	-5.858129469700419e-10	2.332756915988088e-10	-5.341418387909579e-10	-5.309985122567799e-10	-5.348637404815675e-10
1245.7407120285661	-5.05255408105115e-10	4.1559566265948265e-12	-5.662662616941903e-10	2.3317444912960184e-10	-5.156719018704709e-10	-5.127049173742816e-10	-5.162914892279413e-10
1264.9110640673518	-4.880205406321622e-10	4.073458260189543e-12	-5.47323756261478e-10	2.330760835615461e-10	-4.977980577162936e-10	-4.949938618168199e-10	-4.983200377014969e-10
1284.3764232402405	-4.71336681129818e-10	3.991045155687598e-12	-5.289714854806007e-10	2.329805241089526e-10	-4.805028291634982e-10	-4.778512385844409e-10	-4.809317868523028e-10
1304.1413293287133	-4.55187832511943e-10	3.908817176201644e-12	-5.111943060926862e-10	2.3288770111938025e-10	-4.637691793405268e-10	-4.612618753530653e-10	-4.641095890195814e-10
1324.2103919756664	-4.395583913462455e-10	3.826867020591791e-12	-4.939767065659691e-10	2.3279754604655877e-10	-4.475805037651974e-10	-4.452103240413655e-10	-4.4783673076373776e-10
1344.5882917604888	-4.2443314873057526e-10	3.745284030859063e-12	-4.773032012643034e-10	2.3270999175930162e-10	-4.3192062193826617e-10	-4.296811785550276e-10	-4.3209691796301487e-10
1365.2797812906852	-4.097972751492651e-10	3.664147724445052e-12	-4.611584398613479e-10	2.3262497223699655e-10	-4.167737691612032e-10	-4.1465922930494265e-10	-4.1687427224641526e-10
1386.2896863102928	-3.9563631866946575e-10	3.583536177883667e-12	-4.455273697127942e-10	2.325424229510107e-10	-4.0212458841591214e-10	-4.0012954860692575e-10	-4.021542902191724e-10
1407.622906825363	-3.8193619125421334e-10	3.5035196636790682e-12	-4.3039521388544187e-10	2.3246228045659934e-10	-3.879581223384455e-10	-3.8607753700237416e-10	-3.879199385921859e-10
1429.2844182467559	-3.6868317156677636e-10	3.4241649677875383e-12	-4.157475471503904e-10	2.323844827484508e-10	-3.7425980512895163e-10	-3.724889313617486e-10	-3.7415752028208575e-10
1451.2792725505246	-3.558638877807094e-10	3.345531251269894e-12	-4.015702232376307e-10	2.3230896896675209e-10	-3.61015454787498e-10	-3.593497828730423e-10	-3.6085274560521546e-10
1473.6125994561546	-3.434653173336271e-10	3.2676772949553927e-12	-3.878494053432196e-10	2.322356796027496e-10	-3.482112650622939e-10	-3.4664644762353935e-10	-3.4799165689617495e-10
1496.2896076229367	-3.3147477849645157e-10	3.1906541237810584e-12	-3.745715568142961e-10	2.321645562823757e-10	-3.35833797894721e-10	-3.343656119968414e-10	-3.355607210901588e-10
1519.3155858647478	-3.198799225721409e-10	3.1145095664828435e-12	-3.6172350602707974e-10	2.3209554195695665e-10	-3.2386997545591634e-10	-3.2249431849387833e-10	-3.2354673212025566e-10
1542.6959043835288	-3.086687279115004e-10	3.039287546639237e-12	-3.492924208071838e-10	2.3202858072028128e-10	-3.123070728195301e-10	-3.110199689316804e-10	-3.119368737987513e-10
1566.4360160217416	-2.978294914108923e-10	2.965027711208749e-12	-3.3726582449849273e-10	2.3196361794479229e-10	-3.011327100978768e-10	-2.9993031344319643e-10	-3.007186393573337e-10
1590.5414575341015	-2.87350827480897e-10	2.8917659625636933e-12	-3.2563155828924e-10	2.3190060011780136e-10	-2.9033484533753895e-10	-2.8921343864212264e-10	-2.8987984563318243e-10
1615.017850878877	-2.7722165398638857e-10	2.819535026399152e-12	-3.143778024464121e-10	2.3183947500691682e-10	-2.799017668010368e-10	-2.7885775699594777e-10	-2.7940870357846364e-10
1639.8709045290661	-2.6743118595006804e-10	2.7483636409951122e-12	-3.03493014582274e-10	2.3178019133260998e-10	-2.6982208590635357e-10	-2.688519990492776e-10	-2.692937325242932e-10
1665.1064148037462	-2.5796894181772265e-10	2.678278394779326e-12	-2.9296600296664536e-10	2.3172269921125957e-10	-2.600847300144345e-10	-2.591852062151148e-10	-2.5952366087860056e-10
1690.7302672199112	-2.4882471784974923e-10	2.6093012457217897e-12	-2.8278585013560384e-10	2.3166694973758496e-10	-2.5067893518750465e-10	-2.4984672413140826e-10	-2.500877046444856e-10
1716.7484378651143	-2.3998859696553376e-10	2.54145107070364e-12	-2.729419272018393e-10	2.3161289508139332e-10	-2.4159423936809373e-10	-2.408261966171551e-10	-2.409753065493939e-10
1743.1669947912321	-2.3145093565827634e-10	2.4747475953362583e-12	-2.634239167728676e-10	2.3156048863912332e-10	-2.3282047528371569e-10	-2.3211355912543367e-10	-2.3217612348616484e-10
1769.9920994296792	-2.2320236114216076e-10	2.409203103968984e-12	-2.54221769058949e-10	2.315096847969933e-10	-2.243477637119258e-10	-2.2369903268406715e-10	-2.236802815531898e-10
1797.2300080283976	-2.152337589902568e-10	2.3448309477469155e-12	-2.453257109479853e-10	2.3146043900119706e-10	-2.161665067953422e-10	-2.155731176154503e-10	-2.1547794809610528e-10
1824.8870731109619	-2.0753627715152786e-10	2.281639548789165e-12	-2.3672624577779823e-10	2.3141270777307486e-10	-2.0826694974269782e-10	-2.0772613872331257e-10	-2.0755978961436413e-10
1852.9697449581383	-2.001013070959123e-10	2.219637416015248e-12	-2.2841413175559617e-10	2.3136644860299884e-10	-2.0064094080516258e-10	-2.0015007320418794e-10	-1.9991671698969295e-10
1881.4845731122427	-1.9292049410690392e-10	2.1588285515588537e-12	-2.2038040680967606e-10	2.3132162011473627e-10	-1.9327921243065749e-10	-1.928357298128638e-10	-1.9253985028966362e-10
1910.4382079046482	-1.8598571856719818e-10	2.0992170210819693e-12	-2.126163505884288e-10	2.3127818185900595e-10	-1.8617322681462267e-10	-1.8577466284500998e-10	-1.8542053160743656e-10
1939.8374020067986	-1.7928909189773323e-10	2.0408046985779887e-12	-2.051134821556511e-10	2.3123609431932904e-10	-1.7931469539245217e-10	-1.7895867445813385e-10	-1.7855034864724056e-10
1969.6890120050923	-1.7282295513612581e-10	1.983590655131873e-12	-1.9786357117008754e-10	2.3119531899739702e-10	-1.7269557255158945e-10	-1.7237980826815918e-10	-1.7192114398738578e-10
2000.	-1.6657987581268957e-10	1.9275735553189944e-12	-1.9085862449372196e-10	2.3115581834448028e-10	-1.6630804981395673e-10	-1.6603034341082646e-10	-1.6552519171342828e-10